0.07462501525878906,0.09322166442871094,0.11539459228515625
0.03910064697265625,0.11277198791503906,0.21600723266601562
0.06747245788574219,0.058650970458984375,0.11229515075683594
0.06389617919921875,0.05340576171875,0.10895729064941406
0.10156631469726562,0.06127357482910156,0.07009506225585938
0.18310546875,0.07891654968261719,0.11587142944335938
0.08702278137207031,0.04982948303222656,0.0553131103515625
0.28133392333984375,0.04887580871582031,0.05412101745605469
0.2834796905517578,0.06413459777832031,0.07581710815429688
0.8614063262939453,0.06461143493652344,0.14281272888183594
2.523660659790039,